166
166
161
161
164
163
160
161
160
160
159
162
163
160
159
160
158
158
157
158
158
158
157
159
162
160
158
158
159
159
158
156
159
161
159
158
161
160
158
160
163
163
160
159
161
161
163
165
166
165
164
163
164
160
161
161
164
163
160
161
165
162
159
161
162
160
158
162
152
164
165
161
165
161
165
160
168
166
165
167
166
166
167
168
170
171
167
170
168
169
169
171
172
171
173
171
175
172
167
169
167
161
161
161
162
161
166
165
166
166
164
161
164
165
165
167
168
164
161
164
160
154
151
153
158
149
155
151
151
155
158
161
159
163
168
166
161
161
160
160
157
160
161
165
174
173
176
176
173
173
173
171
172
174
171
171
174
169
170
173
171
171
160
164
174
172
171
174
177
173
174
176
176
173
171
170
178
171
161
178
179
189
190
193
191
190
190
190
189
189
190
189
188
186
185
188
186
183
182
183
182
181
177
188
189
190
189
190
189
186
189
190
192
190
191
190
192
191
190
193
194
188
188
191
192
194
192
191
193
195
196
195
198
197
196
197
200
200
196
196
196
199
195
194
195
197
197
194
197
199
197
198
196
193
189
188
203
204
202
203
201
194
192
190
194
205
191
204
210
212
211
212
209
210
210
213
213
216
214
215
220
219
214
216
215
213
209
214
217
217
219
220
220
217
216
217
217
218
219
219
219
218
215
217
225
229
225
228
232
234
236
237
237
238
238
238
240
240
236
242
240
240
231
233
238
239
231
231
232
232
231
231
234
236
241
237
243
233
241
241
255
256
252
253
251
252
239
236
227
231
222
223
224
227
232
226
224
224
224
223
226
230
222
219
217
220
219
216
220
221
221
223
225
224
231
230
239
240
243
239
245
244
245
246
248
247
244
241
233
235
233
230
223
224
166
106
106
105
107
108
105
106
106
102
102
104
109
119
127
145
161
170
177
185
192
195
203
200
216
221
223
223
221
222
223
223
222
218
216
218
215
213
215
218
215
215
217
215
213
214
213
211
215
213
222
217
221
221
224
223
222
219
217
215
208
211
215
211
206
207
207
208
202
205
203
201
199
202
197
192
192
193
191
187
186
185
185
184
188
184
185
189
181
181
182
181
176
180
182
183
184
184
186
183
186
186
183
183
178
180
178
178
177
171
176
166
173
186
179
163
168
169
176
190
174
154
146
176
140
142
169
131
161
125
160
163
158
115
126
127
161
129
134
133
140
138
144
150
145
146
150
146
148
147
145
140
141
139
144
147
143
144
147
141
142
143
138
150
144
150
151
149
135
149
161
159
153
135
136
137
140
143
143
144
140
140
141
139
138
135
140
134
129
135
134
133
130
129
137
133
129
123
112
113
111
108
105
105
104
101
105
106
103
105
105
107
108
107
109
104
110
107
107
117
114
121
118
127
122
127
126
128
134
132
130
129
133
135
132
130
131
130
131
133
124
128
127
125
128
126
127
139
139
124
137
119
140
136
145
148
146
143
142
136
137
141
146
145
140
141
146
156
152
150
151
151
154
151
150
148
154
149
147
158
158
153
157
156
157
152
154
149
153
154
153
157
151
150
151
152
153
150
151
149
151
152
150
150
137
143
134
147
146
137
139
142
147
141
142
151
145
155
149
154
110
139
154
147
140
152
154
154
155
155
152
155
149
155
151
154
155
130
131
160
154
156
137
155
153
149
140
150
144
151
146
141
131
132
126
133
148
131
136
137
136
138
142
139
137
138
139
134
132
133
135
135
137
136
137
125
142
152
154
135
131
121
134
122
129
130
136
130
128
130
126
135
133
128
133
132
136
133
129
96
129
134
79
135
139
130
77
80
83
141
82
85
86
82
79
85
91
85
85
85
90
82
95
101
94
101
101
100
100
100
99
100
94
95
98
94
97
100
88
89
86
86
89
100
100
105
102
108
109
105
107
113
109
113
109
101
113
118
119
118
116
115
98
116
110
116
116
119
119
117
118
122
119
117
119
122
113
119
117
116
118
120
120
118
115
116
112
111
110
118
113
113
120
114
118
120
118
119
119
118
121
120
119
121
128
123
129
127
126
126
131
127
131
131
130
135
128
123
130
130
130
131
132
133
125
129
133
132
130
129
129
133
132
126
134
130
132
132
134
137
132
138
135
134
136
136
139
142
141
141
139
143
144
145
151
149
152
152
148
151
150
151
153
153
158
156
155
156
154
155
154
158
156
156
157
157
161
158
157
155
159
160
159
158
161
160
160
158
147
161
160
160
165
162
154
162
173
166
170
173
176
177
174
174
177
178
177
180
179
180
181
183
185
182
177
178
180
178
179
182
184
185
183
186
190
189
186
191
190
187
188
185
188
186
190
194
193
190
192
193
193
197
195
195
198
206
205
207
204
206
209
209
207
209
207
208
208
206
208
208
205
208
208
210
204
195
208
209
206
208
207
207
206
208
209
209
207
210
212
211
213
211
215
215
216
215
214
216
215
216
218
218
216
216
223
221
219
219
221
223
225
224
226
229
226
228
231
232
229
225
228
228
226
225
227
229
227
227
228
230
228
229
231
229
226
226
231
230
229
228
235
233
233
232
233
232
231
231
235
238
237
238
237
238
237
238
240
238
239
239
242
240
237
243
240
239
238
240
242
240
242
241
247
246
246
247
244
243
245
244
243
241
238
238
241
240
241
240
241
242
249
248
241
242
249
249
245
246
251
250
254
252
251
249
243
243
241
243
233
232
247
248
234
233
234
233
237
240
246
246
244
243
242
242
243
244
239
239
244
244
247
246
256
256
250
251
238
239
225
229
225
228
227
226
229
227
223
225
227
230
230
228
226
230
228
226
234
232
230
229
231
233
220
218
217
220
223
208
222
221
223
224
221
224
226
222
225
225
230
232
223
209
209
218
206
193
186
169
172
177
148
182
183
185
186
181
185
185
188
183
179
179
188
190
187
190
186
184
181
178
182
182
180
185
187
190
184
180
183
189
187
187
185
190
189
189
188
183
186
187
188
186
183
184
189
188
185
189
189
186
187
188
184
184
184
186
186
186
188
186
186
188
188
187
187
189
187
188
191
194
194
192
195
196
195
194
194
193
196
193
198
199
195
191
192
193
190
192
190
191
191
192
194
192
187
190
189
189
188
187
188
188
188
189
187
186
187
189
184
185
184
186
189
190
194
194
192
192
193
195
193
193
193
196
194
196
195
192
190
193
187
183
187
187
189
187
188
188
183
179
183
183
179
182
179
181
168
180
178
174
175
171
175
174
176
178
179
181
185
182
180
182
184
184
185
183
184
187
187
187
186
182
185
186
186
184
185
183
185
184
185
189
185
186
187
188
184
186
182
185
186
188
189
187
188
189
190
187
189
189
189
187
188
194
190
189
189
190
187
186
188
188
188
186
188
190
186
185
185
184
181
185
185
186
186
185
186
185
182
181
186
186
184
186
186
187
188
190
191
187
195
192
191
182
188
183
189
186
177
180
185
185
179
184
182
181
163
181
180
182
183
181
178
179
177
174
174
175
173
174
168
175
171
170
171
174
178
176
177
177
177
176
177
178
177
167
173
172
166
164
161
166
160
161
167
164
163
163
164
162
162
162
161
159
159
165
158
159
162
162
165
164
164
166
162
169
173
174
174
176
179
180
179
177
179
182
179
181
183
182
179
183
185
186
185
185
185
184
186
189
188
188
188
187
185
186
182
187
188
189
188
186
184
183
185
186
187
189
190
192
194
198
196
195
196
195
198
197
195
198
198
198
203
202
198
199
203
202
198
200
200
201
200
198
199
195
194
194
196
196
196
196
197
198
197
199
197
196
196
197
196
196
197
197
196
197
202
202
200
202
206
204
202
201
202
204
202
202
206
205
202
203
207
206
204
204
203
206
205
207
207
204
203
206
203
201
199
197
197
197
200
197
198
193
199
187
183
201
201
204
204
202
208
208
207
208
212
210
204
205
204
205
201
202
207
204
202
202
203
203
199
199
201
200
201
203
200
201
201
202
198
198
195
201
200
201
204
205
203
204
205
205
203
205
205
209
208
211
210
210
207
208
207
206
206
204
208
207
208
208
204
203
206
204
201
201
202
204
203
203
204
204
204
205
203
201
201
202
201
199
199
204
202
201
206
209
207
206
207
209
207
209
211
211
207
207
209
208
206
204
204
208
205
204
204
203
203
202
202
199
201
199
199
199
200
201
196
197
199
199
197
197
198
199
198
198
203
200
197
197
199
198
197
195
195
193
193
191
194
193
193
192
189
191
170
191
191
185
193
194
192
190
192
190
188
187
189
188
192
190
193
193
189
190
194
194
190
192
193
191
192
190
192
199
188
190
189
187
185
187
185
185
183
180
186
186
169
184
183
182
179
180
180
179
171
179
179
177
180
181
179
177
181
181
180
180
179
183
183
180
181
184
182
180
178
184
181
182
183
185
183
182
179
177
178
180
178
181
175
179
181
177
177
175
161
172
169
141
175
162
172
178
175
173
173
170
171
161
165
173
172
168
177
178
173
172
176
174
175
174
178
179
175
175
179
175
176
178
178
174
174
174
177
177
173
176
171
173
171
174
168
169
167
169
170
167
170
168
167
166
166
169
170
170
168
170
171
171
171
170
168
169
168
161
158
169
173
173
168
173
171
170
168
169
166
168
166
167
168
167
166
168
167
164
166
167
165
164
167
166
167
166
167
170
167
164
165
168
167
167
169
170
171
171
174
170
167
168
174
172
168
168
169
172
168
170
171
166
166
168
166
166
164
164
165
165
164
165
166
165
164
165
162
160
158
160
162
158
162
163
163
168
167
167
162
161
166
170
166
167
169
170
169
169
171
168
165
167
166
164
166
169
161
161
160
161
162
160
161
164
163
164
165
162
161
161
162
160
159
159
158
162
158
164
161
158
162
163
158
160
160
163
162
165
167
168
163
164
165
164
162
165
168
169
164
165
164
162
159
163
164
161
158
158
160
161
161
164
163
159
163
165
160
159
156
154
152
158
155
152
150
159
157
158
157
158
159
159
154
157
163
158
161
160
158
159
156
159
157
155
156
160
156
154
155
157
154
153
151
153
113
144
151
156
153
151
155
156
153
153
152
154
156
158
153
154
155
156
154
154
156
157
156
158
162
156
158
153
154
153
152
151
151
154
152
106
151
151
152
153
148
149
147
150
148
151
152
150
148
152
152
150
149
148
149
150
152
152
151
146
138
153
142
153
151
155
153
157
161
157
152
156
155
152
145
150
150
149
150
154
148
148
148
153
139
143
142
147
146
145
151
147
147
145
150
150
149
149
150
150
151
157
153
149
152
156
153
151
151
150
153
152
156
155
150
152
152
151
150
149
152
154
148
151
152
149
147
149
147
146
148
148
147
145
146
149
143
144
143
143
144
144
142
143
146
145
147
147
143
145
145
144
142
145
146
147
146
147
148
149
143
143
144
143
137
139
144
142
140
144
145
140
138
139
140
137
135
135
137
138
131
137
138
137
138
138
142
124
134
138
141
137
136
133
138
137
138
138
138
140
134
140
140
138
137
137
136
137
138
132
126
135
118
133
133
122
125
130
121
120
130
127
126
126
129
129
128
129
126
127
117
129
122
130
116
126
116
120
128
125
125
130
134
128
126
133
133
131
127
132
122
125
132
128
132
102
127
122
139
134
136
104
105
123
132
115
118
122
130
127
127
129
130
128
130
119
122
126
119
123
126
122
112
112
110
112
113
109
100
104
104
106
99
101
96
102
106
103
108
110
118
134
156
161
172
175
182
176
185
195
192
198
204
208
209
209
210
207
212
204
203
202
205
204
210
212
215
208
203
212
208
205
202
202
194
192
200
201
202
198
200
201
202
193
194
195
197
196
197
201
201
198
198
198
198
193
198
202
198
201
197
206
205
210
212
212
211
212
217
215
220
218
216
216
219
220
221
221
228
227
226
231
228
226
220
221
220
220
214
211
215
209
214
205
207
208
210
206
204
207
203
199
208
209
210
205
201
203
203
191
200
200
202
199
196
190
179
172
171
174
177
179
180
179
182
184
186
185
182
180
179
177
178
181
182
184
182
186
186
187
186
185
188
186
186
188
190
191
190
193
191
188
187
189
190
189
189
190
191
190
194
193
194
193
196
192
191
189
190
191
191
191
189
189
186
184
188
190
192
190
186
187
189
189
190
190
190
189
187
190
187
185
186
189
191
189
192
190
193
194
193
190
190
191
193
193
194
194
194
192
195
198
194
192
191
192
194
190
192
191
186
187
182
186
188
185
182
182
179
163
157
170
169
169
185
188
186
180
180
180
184
187
188
195
195
193
197
198
193
188
190
192
190
187
188
186
183
183
187
188
185
187
186
191
192
190
189
189
184
183
186
185
183
180
184
183
183
181
183
183
178
177
179
179
180
179
178
181
178
179
181
181
179
181
182
182
183
182
179
178
176
174
179
179
172
173
171
174
174
173
170
174
172
171
172
172
171
173
171
171
169
169
170
170
173
171
172
170
170
171
171
169
169
169
173
175
176
181
181
177
177
179
177
178
179
181
176
183
181
187
185
184
182
185
184
180
181
183
180
172
170
173
182
182
183
181
183
177
177
178
175
180
179
183
179
171
171
176
177
171
161
168
170
173
168
178
171
173
177
175
173
171
173
172
172
164
174
173
171
168
167
168
165
162
112
150
160
163
165
161
100
99
154
155
159
155
158
155
140
160
158
154
146
157
153
152
155
152
150
152
156
157
151
150
152
151
149
151
145
147
139
142
143
142
139
143
136
139
138
125
115
130
133
130
135
122
134
133
125
131
129
125
122
126
129
126
122
121
122
129
127
119
125
111
116
118
124
129
114
114
116
113
113
109
112
110
110
112
112
112
113
108
107
106
108
112
111
103
112
109
91
96
95
98
96
93
93
93
107
106
107
93
89
96
98
97
89
89
92
95
111
99
101
101
101
99
101
89
85
93
103
118
113
123
111
114
112
121
120
114
116
112
113
107
110
103
104
135
123
132
132
137
133
132
131
138
136
129
132
135
132
132
131
143
136
132
133
141
133
145
145
149
141
141
148
147
148
135
137
144
141
150
152
148
148
149
150
152
127
150
155
127
154
154
152
155
156
151
157
149
152
122
127
163
161
157
167
164
162
164
167
164
170
138
138
169
164
167
167
153
138
136
167
169
168
174
176
176
174
173
175
175
169
179
178
181
180
181
179
183
171
181
176
177
181
183
179
181
183
183
183
184
179
182
183
184
185
186
185
183
183
184
186
184
177
187
186
189
188
185
184
186
179
192
197
194
193
191
192
192
190
174
179
189
189
189
187
186
188
188
191
190
192
191
190
186
191
191
189
189
192
191
194
195
191
193
191
188
191
190
192
192
192
193
192
189
190
194
192
194
195
195
193
193
196
192
191
192
192
192
190
188
189
189
190
190
195
193
192
190
191
191
189
187
189
194
194
196
192
189
191
194
192
193
191
190
190
191
192
194
190
190
195
192
186
188
187
188
178
188
187
191
189
184
190
191
188
188
190
191
191
193
188
188
190
190
190
192
192
193
193
194
193
192
189
192
191
187
185
189
188
187
190
193
189
191
192
192
186
183
179
184
187
189
189
188
187
187
188
187
187
183
186
185
188
190
184
185
187
185
181
180
184
184
183
179
184
183
178
177
181
173
176
176
170
178
178
178
181
177
178
180
177
179
180
179
178
177
175
175
172
170
172
171
168
169
166
168
163
161
160
161
170
165
167
156
168
167
170
172
168
170
168
170
173
172
173
174
174
174
178
180
182
180
178
175
182
179
177
164
174
176
179
183
181
182
179
185
184
182
181
181
181
183
182
185
184
183
185
184
185
185
190
187
188
189
187
185
186
187
187
185
185
185
184
185
187
186
188
186
190
189
186
187
189
189
187
189
186
186
184
186
186
181
181
183
183
181
179
182
177
186
189
187
192
191
196
195
194
196
195
195
200
201
209
207
207
209
212
211
210
210
211
212
216
216
213
212
216
219
216
213
213
215
215
217
215
215
218
213
217
213
215
215
215
213
214
215
214
215
213
215
215
214
216
217
216
216
216
215
216
215
214
214
215
212
216
214
212
213
213
214
213
211
212
214
212
213
211
216
215
215
218
217
217
217
218
217
217
218
218
216
217
217
219
217
216
217
216
216
213
216
216
215
218
218
208
214
215
215
191
198
196
198
199
199
198
203
200
196
194
205
203
202
203
201
202
202
206
205
201
202
202
203
204
204
205
202
204
203
200
199
202
204
202
201
202
202
203
201
205
203
200
200
202
200
198
198
199
198
196
198
201
197
196
196
198
194
193
192
194
195
191
193
191
191
192
192
191
192
193
188
192
185
195
196
190
190
191
182
193
192
192
191
183
186
186
192
175
177
179
176
181
178
181
182
176
181
178
176
176
173
176
173
172
172
174
169
166
169
167
171
169
171
167
160
157
168
168
172
170
168
168
171
170
168
166
168
161
166
168
165
167
170
167
163
166
162
164
169
170
167
166
161
155
154
160
154
153
152
151
153
147
155
152
156
156
157
151
148
156
158
159
158
157
160
156
154
154
160
155
156
158
155
155
156
155
154
153
155
155
155
154
153
153
152
153
155
155
154
151
152
151
150
151
152
150
146
150
147
159
157
154
157
154
156
155
156
159
157
159
155
155
154
156
156
155
152
152
152
154
154
155
154
152
154
153
152
152
153
156
156
157
157
154
153
153
154
153
154
153
154
155
156
157
156
156
157
156
157
155
154
155
158
158
160
160
159
159
162
159
156
153
155
154
156
156
153
147
150
152
151
150
148
146
148
147
148
148
148
147
149
148
149
150
149
144
141
142
147
152
149
147
148
146
137
150
149
148
143
144
139
147
147
147
149
148
151
149
146
146
145
138
136
143
145
135
132
122
135
135
128
132
135
135
132
136
132
131
132
130
129
118
120
122
121
112
120
117
118
115
116
117
118
119
120
117
107
111
113
114
111
103
103
104
107
103
104
103
103
103
106
98
94
93
94
89
89
90
84
85
98
111
145
192
173
177
214
216
183
189
196
201
227
235
237
230
205
212
212
212
228
220
240
230
231
233
212
213
210
212
226
226
223
227
227
229
225
226
227
228
227
229
227
226
227
230
226
225
227
223
228
229
228
226
226
229
230
233
233
231
232
234
234
230
232
235
236
242
240
240
237
233
233
235
233
231
232
232
233
234
235
235
236
232
232
232
232
231
230
230
230
229
221
226
231
234
234
230
231
223
222
225
225
227
228
224
